[gd_scene load_steps=9 format=3 uid="uid://bu2c3ab6re1d4"]

[ext_resource type="PackedScene" uid="uid://bj53s6w12n7ya" path="res://scenes/player.tscn" id="2_im2bc"]
[ext_resource type="PackedScene" uid="uid://lky204uemp8" path="res://scenes/gun.tscn" id="3_iseux"]
[ext_resource type="PackedScene" uid="uid://cn7iq23q16pu7" path="res://scenes/upgrade.tscn" id="4_ln7be"]
[ext_resource type="Script" uid="uid://drtpetyjiq1sf" path="res://scripts/gameManager.gd" id="5_8a7th"]
[ext_resource type="Script" uid="uid://csv3t6y6713hy" path="res://scenes/sfxManager.gd" id="6_l3ttm"]
[ext_resource type="PackedScene" uid="uid://bgwx6aa0wm8sw" path="res://scenes/room_background.tscn" id="7_2e4xg"]
[ext_resource type="PackedScene" uid="uid://b461jclehbokv" path="res://scenes/table.tscn" id="7_upovr"]
[ext_resource type="PackedScene" uid="uid://bq8ppj374ja3o" path="res://scenes/candle.tscn" id="8_pi7cj"]

[node name="Node3D" type="Node3D"]

[node name="Player1" parent="." instance=ExtResource("2_im2bc")]
transform = Transform3D(-1.3113416e-09, 0, 0.03, 0, 0.03, 0, -0.03, 0, -1.3113416e-09, 1.4809556, -0.8382463, -0.023421288)

[node name="Player2" parent="." instance=ExtResource("2_im2bc")]
transform = Transform3D(-0.03, 0, -2.6226832e-09, 0, 0.03, 0, 2.6226832e-09, 0, -0.03, 0.09145284, -0.8382463, -1.5236416)

[node name="Player3" parent="." instance=ExtResource("2_im2bc")]
transform = Transform3D(-1.3113416e-09, 0, -0.03, 0, 0.03, 0, 0.03, 0, -1.3113416e-09, -1.481, -0.838, -0.023)

[node name="Gun" parent="." instance=ExtResource("3_iseux")]
transform = Transform3D(0.28694412, -0.05383363, 0.9559535, 0.42519993, 0.9013199, -0.07687335, -0.85787517, 0.4287265, 0.28164786, -0.10501099, -0.12751728, -0.0064697266)
visible = false

[node name="Upgrade" parent="." instance=ExtResource("4_ln7be")]
transform = Transform3D(-1.0927847e-08, 0, 0.25, 0, 0.25, 0, -0.25, 0, -1.0927847e-08, 1.9140401, -4.867008, 5.3526034)

[node name="GameManager" type="Node" parent="."]
script = ExtResource("5_8a7th")

[node name="SFXPlayer" type="AudioStreamPlayer" parent="."]
script = ExtResource("6_l3ttm")

[node name="Table" parent="." instance=ExtResource("7_upovr")]
transform = Transform3D(1, 0, 0, 0, 1, 0, 0, 0, 1, 0, -1.1389707, 0)

[node name="Node3D" parent="." instance=ExtResource("7_2e4xg")]

[node name="candle" parent="." instance=ExtResource("8_pi7cj")]
transform = Transform3D(1, 0, 0, 0, 1, 0, 0, 0, 1, 1.1743076, -0.4933734, 1.2434044)

[node name="candle2" parent="." instance=ExtResource("8_pi7cj")]
transform = Transform3D(0.89207375, 0, 0.45188987, 0, 1, 0, -0.45188987, 0, 0.89207375, 1.1744792, -0.4933734, -1.1602578)

[node name="candle3" parent="." instance=ExtResource("8_pi7cj")]
transform = Transform3D(-0.36713442, 0, -0.9301679, 0, 1, 0, 0.9301679, 0, -0.36713442, -1.2097626, -0.4933734, -1.1602578)

[node name="candle4" parent="." instance=ExtResource("8_pi7cj")]
transform = Transform3D(0.85303205, 0, 0.5218585, 0, 1, 0, -0.5218585, 0, 0.85303205, -1.2099342, -0.4933734, 1.1863415)
